       7.958300027756e-04       3.947747700511e+03 
       8.498776956201e-04       4.197835769959e+03 
       9.074493547267e-04       4.462251789508e+03 
       9.686358484069e-04       4.741043328477e+03 
       1.033492011428e-03       5.034073386146e+03 
       1.102033730297e-03       5.341019164337e+03 
       1.174236996743e-03       5.661322392585e+03 
       1.250039060106e-03       5.994273665987e+03 
       1.329341557101e-03       6.338981539581e+03 
       1.412015268027e-03       6.694390942988e+03 
       1.497905988472e-03       7.059459351599e+03 
       1.586840940282e-03       7.432980039249e+03 
       1.678635174248e-03       7.813796285514e+03 
       1.773097517095e-03       8.200673845983e+03 
       1.870035753314e-03       8.592483087927e+03 
       1.969260875557e-03       8.988100651819e+03 
       2.070590361430e-03       9.386514382975e+03 
       2.173850526998e-03       9.786722324149e+03 
       2.278878065511e-03       1.018782304299e+04 
       2.385520908121e-03       1.058905919953e+04 
       2.493638548880e-03       1.098962426376e+04 
       2.603101967099e-03       1.138892126212e+04 
       2.713793262857e-03       1.178633462335e+04 
       2.825605100999e-03       1.218139311052e+04 
       2.938440038723e-03       1.257356636957e+04 
       3.052209793584e-03       1.296251365945e+04 
       3.166834493247e-03       1.334788575777e+04 
       3.282241935852e-03       1.372937370003e+04 
       3.398366880138e-03       1.410668880617e+04 
       3.515150377139e-03       1.447961408087e+04 
       3.632539149925e-03       1.484797045684e+04 
       3.750485024077e-03       1.521161838162e+04 
       3.868944408967e-03       1.557032818183e+04 
       3.987877828236e-03       1.592412691151e+04 
       4.107249496772e-03       1.627283001847e+04 
       4.227026940934e-03       1.661635809404e+04 
       4.347180658474e-03       1.695463512508e+04 
       4.467683814578e-03       1.728768935414e+04 
       4.588511970529e-03       1.761543852241e+04 
       4.709642841684e-03       1.793781065211e+04 
       4.831056081672e-03       1.825482813161e+04 
       4.952733089998e-03       1.856651160417e+04 
       5.074656840476e-03       1.887293038348e+04 
       5.196811728170e-03       1.917400750441e+04 
       5.319183432780e-03       1.946970636635e+04 
       5.441758796604e-03       1.976016880913e+04 
       5.564525715439e-03       2.004532857873e+04 
       5.687473040959e-03       2.032526700152e+04 
       5.810590493271e-03       2.059996588137e+04 
       5.933868582506e-03       2.086945599205e+04 
       6.057298538437e-03       2.113390327395e+04 
       6.180872247227e-03       2.139317909781e+04 
       6.304582194523e-03       2.164739313367e+04 
       6.428421414189e-03       2.189657167362e+04 
       6.552383442078e-03       2.214078629465e+04 
       6.676462274287e-03       2.238007397321e+04 
       6.800652329422e-03       2.261446015025e+04 
       6.924948414440e-03       2.284400372204e+04 
       7.049345693702e-03       2.306874631901e+04 
       7.173839660892e-03       2.328874350073e+04 
       7.298426113512e-03       2.350287265784e+04 
       7.423101129696e-03       2.371352231417e+04 
       7.547861047095e-03       2.391958373197e+04 
       7.672702443634e-03       2.412103731086e+04 
       7.797622119964e-03       2.431798001749e+04 
       7.922617083422e-03       2.451054998513e+04 
       8.047684533378e-03       2.469874696702e+04 
       8.172821847813e-03       2.488259104878e+04 
       8.298026571029e-03       2.506209313434e+04 
       8.423296402380e-03       2.523725433637e+04 
       8.548629185917e-03       2.540835261502e+04 
       8.674022900888e-03       2.557529135220e+04 
       8.799475652992e-03       2.573808293762e+04 
       8.924985666327e-03       2.589687387150e+04 
       9.050551275985e-03       2.605157833604e+04 
       9.176170921207e-03       2.620224503822e+04 
       9.301843139082e-03       2.634910246517e+04 
       9.427566558721e-03       2.649208580344e+04 
       9.553339895870e-03       2.663121834178e+04 
       9.679161947938e-03       2.676660143844e+04 
       9.805031589388e-03       2.689820394126e+04 
       9.930947767470e-03       2.702619813274e+04 
       1.005690949827e-02       2.715049858269e+04 
       1.018291586304e-02       2.727115678683e+04 
       1.030896600481e-02       2.738837803665e+04 
       1.043505912522e-02       2.750204707918e+04 
       1.056119448159e-02       2.761224562120e+04 
       1.068737138423e-02       2.771896106684e+04 
       1.081358919384e-02       2.782230253294e+04 
       1.093984731926e-02       2.792223799336e+04 
       1.106614521517e-02       2.801931128121e+04 
       1.119248238016e-02       2.811269395165e+04 
       1.131885835475e-02       2.820284373257e+04 
       1.144527271972e-02       2.828980496787e+04 
       1.157172509437e-02       2.837360579447e+04 
       1.169821513509e-02       2.845431376236e+04 
       1.182474253388e-02       2.853193858526e+04 
       1.195130701705e-02       2.860648173901e+04 
       1.207790834401e-02       2.867804904074e+04 
       1.220454630610e-02       2.874665268197e+04 
       1.233122072553e-02       2.881230680771e+04 
       1.245793145444e-02       2.887521127858e+04 
       1.258467837392e-02       2.893522797756e+04 
       1.271146139321e-02       2.899246054107e+04 
       1.283828044889e-02       2.904685975278e+04 
       1.296513550416e-02       2.909570818510e+04 
       1.309202654818e-02       2.914455463029e+04 
       1.321895359540e-02       2.919068226902e+04 
       1.334591668507e-02       2.923421868274e+04 
       1.347291588063e-02       2.927511422609e+04 
       1.359995126927e-02       2.931287663427e+04 
       1.372702296150e-02       2.934867920996e+04 
       1.385413109070e-02       2.938339608021e+04 
       1.398127581283e-02       2.941419922519e+04 
       1.410845730600e-02       2.944351173039e+04 
       1.423567577026e-02       2.946963379238e+04 
       1.436293142731e-02       2.949316333194e+04 
       1.449022452024e-02       2.951359581394e+04 
       1.461755531335e-02       2.953236158523e+04 
       1.474492409198e-02       2.955026986919e+04 
       1.487233116233e-02       2.956387797449e+04 
       1.499977685136e-02       2.957753360551e+04 
       1.512726150668e-02       2.958432361988e+04 
       1.525478549649e-02       2.959153506068e+04 
       1.538234920950e-02       2.959712625609e+04 
       1.550995305491e-02       2.960051701108e+04 
       1.563759746242e-02       2.960176132448e+04 
       1.576528288222e-02       2.960088250033e+04 
       1.589300978501e-02       2.959859208123e+04 
       1.602077866208e-02       2.959618782955e+04 
       1.614859002537e-02       2.959085684123e+04 
       1.627644440756e-02       2.958210594834e+04 
       1.640434236218e-02       2.957188566939e+04 
       1.653228446371e-02       2.955949922506e+04 
       1.666027130777e-02       2.954539869791e+04 
       1.678830351125e-02       2.953020741261e+04 
       1.691638171248e-02       2.951250968205e+04 
       1.704450657147e-02       2.949292042589e+04 
       1.717267877008e-02       2.947162526981e+04 
       1.730089901226e-02       2.944871917878e+04 
       1.742916802430e-02       2.942407025366e+04 
       1.755748655510e-02       2.939775574560e+04 
       1.768585537643e-02       2.936982696984e+04 
       1.781427528324e-02       2.934024990721e+04 
       1.794274709398e-02       2.930912851484e+04 
       1.807127165090e-02       2.927642511194e+04 
       1.819984982042e-02       2.924160087887e+04 
       1.832848249350e-02       2.920576738693e+04 
       1.845717058597e-02       2.916836110767e+04 
       1.858591503899e-02       2.912945122612e+04 
       1.871471681942e-02       2.908901795467e+04 
       1.884357692025e-02       2.904605937465e+04 
       1.897249636109e-02       2.900331622949e+04 
       1.910147618858e-02       2.895894835709e+04 
       1.923051747690e-02       2.891325905018e+04 
       1.935962132829e-02       2.886807201873e+04 
       1.948878887353e-02       2.881983311053e+04 
       1.961802127249e-02       2.877027123319e+04 
       1.974731971474e-02       2.871880600250e+04 
       1.987668542004e-02       2.866762876459e+04 
       2.000611963900e-02       2.861468025694e+04 
       2.013562365369e-02       2.856054146726e+04 
       2.026519877825e-02       2.850238082609e+04 
       2.039484635958e-02       2.844736955906e+04 
       2.052456777802e-02       2.838955717597e+04 
       2.065436444803e-02       2.833066418166e+04 
       2.078423781895e-02       2.827066359719e+04 
       2.091418937572e-02       2.820840051759e+04 
       2.104422063968e-02       2.814828335728e+04 
       2.117433316935e-02       2.808430941367e+04 
       2.130452856127e-02       2.801948263749e+04 
       2.143480845084e-02       2.795525294289e+04 
       2.156517451320e-02       2.788778880716e+04 
       2.169562846417e-02       2.782088186760e+04 
       2.182617206110e-02       2.775319105055e+04 
       2.195680710393e-02       2.768520671408e+04 
       2.208753543612e-02       2.761434105598e+04 
       2.221835894570e-02       2.754431802062e+04 
       2.234927956632e-02       2.747343226297e+04 
       2.248029927834e-02       2.740127887819e+04 
       2.261142010996e-02       2.732825830712e+04 
       2.274264413838e-02       2.725572249551e+04 
       2.287397349097e-02       2.718092335389e+04 
       2.300541034656e-02       2.710536946044e+04 
       2.313695693665e-02       2.702899778128e+04 
       2.326861554675e-02       2.695208205697e+04 
       2.340038851776e-02       2.687450020218e+04 
       2.353227824732e-02       2.679627537682e+04 
       2.366428719129e-02       2.671746227907e+04 
       2.379641786520e-02       2.663800015789e+04 
       2.392867284585e-02       2.655791717360e+04 
       2.406105477281e-02       2.647727216435e+04 
       2.419356635015e-02       2.639604151203e+04 
       2.432621034805e-02       2.631438960405e+04 
       2.445898960460e-02       2.623228912225e+04 
       2.459190702757e-02       2.614884101539e+04 
       2.472496559630e-02       2.606538780644e+04 
       2.485816836361e-02       2.598145958632e+04 
       2.499151845778e-02       2.589703406314e+04 
       2.512501908462e-02       2.581210373467e+04 
       2.525867352960e-02       2.572666908053e+04 
       2.539248516004e-02       2.564082995773e+04 
       2.552645742736e-02       2.555453284684e+04 
       2.566059386947e-02       2.546779337222e+04 
       2.579489811316e-02       2.538062923580e+04 
       2.592937387666e-02       2.529264735039e+04 
       2.606402497219e-02       2.520462247119e+04 
       2.619885530869e-02       2.511576777135e+04 
       2.633386889462e-02       2.502746665380e+04 
       2.646906984080e-02       2.493832002885e+04 
       2.660446236344e-02       2.484830635347e+04 
       2.674005078725e-02       2.475766607217e+04 
       2.687583954860e-02       2.466890046020e+04 
       2.701183319890e-02       2.457903431480e+04 
       2.714803640803e-02       2.448851359190e+04 
       2.728445396793e-02       2.439732737804e+04 
       2.742109079629e-02       2.430625467122e+04 
       2.755795194044e-02       2.421480355079e+04 
       2.769504258131e-02       2.412471152881e+04 
       2.783236803761e-02       2.403247032589e+04 
       2.796993377013e-02       2.394075533061e+04 
       2.810774538622e-02       2.384808762193e+04 
       2.824580864443e-02       2.375512224843e+04 
       2.838412945937e-02       2.366261161741e+04 
       2.852271390670e-02       2.356991631189e+04 
       2.866156822840e-02       2.347702825941e+04 
       2.880069883817e-02       2.338449171914e+04 
       2.894011232713e-02       2.329051068933e+04 
       2.907981546965e-02       2.319713583327e+04 
       2.921981522955e-02       2.310433549505e+04 
       2.936011876643e-02       2.301042219807e+04 
       2.950073344236e-02       2.291777926192e+04 
       2.964166682880e-02       2.282306024137e+04 
       2.978292671385e-02       2.272942009657e+04 
       2.992452110977e-02       2.263598524937e+04 
       3.006645826086e-02       2.254221283964e+04 
       3.020874665168e-02       2.244828706098e+04 
       3.035139501562e-02       2.235435425896e+04 
       3.049441234385e-02       2.226034247471e+04 
       3.063780789473e-02       2.216626325202e+04 
       3.078159120350e-02       2.207211613904e+04 
       3.092577209262e-02       2.197799662282e+04 
       3.107036068240e-02       2.188452364815e+04 
       3.121536740223e-02       2.179007519094e+04 
       3.136080300233e-02       2.169506760683e+04 
       3.150667856600e-02       2.160153243123e+04 
       3.165300552253e-02       2.150730320042e+04 
       3.179979566068e-02       2.141312947380e+04 
       3.194706114284e-02       2.131902666593e+04 
       3.209481451992e-02       2.122496538751e+04 
       3.224306874690e-02       2.113095830747e+04 
       3.239183719925e-02       2.103720215930e+04 
       3.254113369012e-02       2.094266219114e+04 
       3.269097248848e-02       2.084858842472e+04 
       3.284136833813e-02       2.075548817149e+04 
       3.299233647772e-02       2.066174807650e+04 
       3.314389266189e-02       2.056796927077e+04 
       3.329605318349e-02       2.047441760186e+04 
       3.344883489700e-02       2.038090091104e+04 
       3.360225524321e-02       2.028748544175e+04 
       3.375633227538e-02       2.019415672129e+04 
       3.391108468670e-02       2.010087830808e+04 
       3.406653183941e-02       2.000737003328e+04 
       3.422269379557e-02       1.991422980659e+04 
       3.437959134954e-02       1.982121926449e+04 
       3.453724606246e-02       1.972816897913e+04 
       3.469568029871e-02       1.963518095118e+04 
       3.485491726453e-02       1.954148628873e+04 
       3.501498104903e-02       1.945006334666e+04 
       3.517589666769e-02       1.935763541451e+04 
       3.533769010852e-02       1.926488685588e+04 
       3.550038838119e-02       1.917261749262e+04 
       3.566401956923e-02       1.908076259378e+04 
       3.582861288557e-02       1.898936204175e+04 
       3.599419873174e-02       1.889619655040e+04 
       3.616080876097e-02       1.880574629420e+04 
       3.632847594546e-02       1.871423533460e+04 
       3.649723464827e-02       1.862210876319e+04 
       3.666712070006e-02       1.853072339043e+04 
       3.683817148124e-02       1.843896794349e+04 
       3.701042600986e-02       1.834755433785e+04 
       3.718392503578e-02       1.825642685038e+04 
       3.735871114165e-02       1.816536416576e+04 
       3.753482885136e-02       1.807435295472e+04 
       3.771232474646e-02       1.798434672019e+04 
       3.789124759148e-02       1.789313286620e+04 
       3.807164846879e-02       1.780268227591e+04 
       3.825358092396e-02       1.771251920576e+04 
       3.843710112259e-02       1.762233207585e+04 
       3.862226801977e-02       1.753236325292e+04 
       3.880914354321e-02       1.744229378154e+04 
       3.899779279168e-02       1.735229366727e+04 
       3.918828424990e-02       1.726241347957e+04 
       3.938069002200e-02       1.717252575888e+04 
       3.957508608505e-02       1.708265711842e+04 
       3.977155256504e-02       1.699278153240e+04 
       3.997017403758e-02       1.690366323662e+04 
       4.017103985603e-02       1.681340549432e+04 
       4.037424451012e-02       1.672401593234e+04 
       4.057988801834e-02       1.663437816083e+04 
       4.078807635816e-02       1.654487528019e+04 
       4.099892193836e-02       1.645552562313e+04 
       4.121254411836e-02       1.636610383639e+04 
       4.142906978046e-02       1.627671507897e+04 
       4.164863396123e-02       1.618731456181e+04 
       4.187138054962e-02       1.609838953119e+04 
       4.209746306020e-02       1.600898659434e+04 
       4.232704549142e-02       1.591956312359e+04 
       4.256030328000e-02       1.582958878998e+04 
       4.279742436465e-02       1.574001450336e+04 
       4.303861037411e-02       1.565048165743e+04 
       4.328407795708e-02       1.556067063198e+04 
       4.353406027459e-02       1.547106035001e+04 
       4.378880867864e-02       1.538110119051e+04 
       4.404859460516e-02       1.529098726652e+04 
       4.431371171452e-02       1.520078108367e+04 
       4.458447831826e-02       1.511019157916e+04 
       4.486124013857e-02       1.501882348070e+04 
       4.514437345521e-02       1.492859959845e+04 
       4.543428870561e-02       1.483782362431e+04 
       4.573143461647e-02       1.474647859912e+04 
       4.603630296154e-02       1.465477611489e+04 
       4.634943405933e-02       1.456271915170e+04 
       4.667142314927e-02       1.447011701882e+04 
       4.700292781434e-02       1.437736077321e+04 
       4.734467665607e-02       1.428415256730e+04 
       4.769747947462e-02       1.418942883188e+04 
       4.806223926543e-02       1.409550391734e+04 
       4.843996641861e-02       1.400035922607e+04 
       4.883179560114e-02       1.390446135001e+04 
       4.923900592175e-02       1.380700625676e+04 
       4.966304513047e-02       1.370931591559e+04 
       5.010555879915e-02       1.361154540081e+04 
       5.056842567615e-02       1.351136404623e+04 
       5.105380072345e-02       1.340987796829e+04 
       5.156416774143e-02       1.330753435480e+04 
       5.210240398355e-02       1.320326545902e+04 
       5.267185977175e-02       1.309711988923e+04 
       5.327645684222e-02       1.298900906610e+04 
       5.392080994532e-02       1.287808367513e+04 
       5.461037697892e-02       1.276412521836e+04 
       5.535164337783e-02       1.264624274742e+04 
       5.615234601377e-02       1.252422541760e+04 
       5.702173925934e-02       1.239648324381e+04 
       5.797089876644e-02       1.226186180732e+04 
       5.901304257181e-02       1.211865120448e+04 
       6.016381707764e-02       1.196433916456e+04 
       6.144143672500e-02       1.179560222981e+04 
       6.286647052777e-02       1.160785016126e+04 
       6.446094116013e-02       1.139488464537e+04 
       6.624630226930e-02       1.114888907014e+04 
       6.823996082571e-02       1.086184130009e+04 
       7.045059983586e-02       1.052388246717e+04 
       7.287374027831e-02       1.013063534152e+04 
       7.549004371079e-02       9.679750520220e+03 
       7.826823272415e-02       9.178661180915e+03 
       8.117174204159e-02       8.642161644644e+03 
       8.416573655068e-02       8.091989978099e+03 
       8.722153887738e-02       7.550598214584e+03 
       9.031787655563e-02       7.038558792281e+03 
       9.344006396079e-02       6.572901973365e+03 
       9.657843557319e-02       6.163854626165e+03 
       9.972682283340e-02       5.816782435787e+03 
       1.028813646369e-01       5.530201246348e+03 
       1.060396730985e-01       5.299746440692e+03 
       1.092002822540e-01       5.116823653195e+03 
       1.123622960775e-01       4.970788391280e+03 
       1.155251682909e-01       4.850359402293e+03 
       1.186885662883e-01       4.743405357062e+03 
       1.218522876574e-01       4.639237163926e+03 
       1.250162091929e-01       4.529456891254e+03 
       1.281802558382e-01       4.406985539332e+03 
       1.313443817950e-01       4.268288110150e+03 
       1.345085590456e-01       4.113126734602e+03 
       1.376727703814e-01       3.944501299992e+03 
       1.408370051700e-01       3.766079393213e+03 
       1.440012567847e-01       3.584074702088e+03 
       1.471655210434e-01       3.404204048632e+03 
       1.475620535326e-01       3.382113796982e+03 
       1.503297952602e-01       3.232361337567e+03 
       1.534940776685e-01       3.073434343169e+03 
       1.566583670699e-01       2.930451844355e+03 
       1.598226626210e-01       2.805702954026e+03 
       1.629869637018e-01       2.699430091164e+03 
       1.661512698364e-01       2.611054281365e+03 
       1.693155806430e-01       2.537875631304e+03 
       1.724798958040e-01       2.477611789298e+03 
       1.756442150467e-01       2.426696513751e+03 
       1.788085381308e-01       2.381583261265e+03 
       1.819728648413e-01       2.339427621967e+03 
       1.851371949825e-01       2.296514110672e+03 
       1.883015283753e-01       2.250565476001e+03 
       1.914658648541e-01       2.199802642341e+03 
       1.946302042656e-01       2.143025536003e+03 
       1.977945464666e-01       2.080953515922e+03 
       2.009588913238e-01       2.014624802873e+03 
       2.041232387122e-01       1.945659906815e+03 
       2.072875885149e-01       1.875894773090e+03 
       2.104519406219e-01       1.807262685910e+03 
       2.136162949300e-01       1.741494484202e+03 
       2.167806513421e-01       1.679747432501e+03 
       2.199450097667e-01       1.623122163226e+03 
       2.231093701175e-01       1.572229866189e+03 
       2.262737323132e-01       1.527037626130e+03 
       2.294380962769e-01       1.487764814717e+03 
       2.326024619359e-01       1.453308637038e+03 
       2.357668292215e-01       1.423387922068e+03 
       2.389311980687e-01       1.396589676072e+03 
       2.420955684158e-01       1.371829676296e+03 
       2.452599402045e-01       1.348203377271e+03 
       2.484243133792e-01       1.324634323323e+03 
       2.515886878873e-01       1.300094026111e+03 
       2.547530636789e-01       1.274505613895e+03 
       2.579174407064e-01       1.247472570949e+03 
       2.610818189247e-01       1.218980629014e+03 
       2.642461982906e-01       1.189284133859e+03 
       2.674105787632e-01       1.158681237185e+03 
       2.705749603035e-01       1.127743050099e+03 
       2.737393428742e-01       1.097012098895e+03 
       2.769037264398e-01       1.067133751759e+03 
       2.800681109663e-01       1.038612430347e+03 
       2.832324964214e-01       1.011745794980e+03 
       2.863968827742e-01       9.870992426374e+02 
       2.895612699950e-01       9.643170866015e+02 
       2.927256580555e-01       9.435800300009e+02 
       2.958900469287e-01       9.246380520413e+02 
       2.990544365887e-01       9.072900422199e+02 
       3.022188270105e-01       8.909950111953e+02 
       3.053832181704e-01       8.758186716426e+02 
       3.085476100456e-01       8.611186354163e+02 
       3.117120026141e-01       8.466791561831e+02 
       3.148763958550e-01       8.322756593312e+02 
       3.180407897480e-01       8.176467670717e+02 
       3.212051842739e-01       8.026974246246e+02 
       3.243695794140e-01       7.874041778673e+02 
       3.275339751504e-01       7.718461569013e+02 
       3.306983714659e-01       7.560994861621e+02 
       3.338627683440e-01       7.404113507706e+02 
       3.370271657688e-01       7.248115626780e+02 
       3.401915637249e-01       7.095235526872e+02 
       3.433559621975e-01       6.947302234996e+02 
       3.465203611725e-01       6.805025767221e+02 
       3.496847606362e-01       6.669222744545e+02 
       3.528491605753e-01       6.540301839893e+02 
       3.560135609772e-01       6.419506821959e+02 
       3.591779618294e-01       6.305635202283e+02 
       3.623423631203e-01       6.198343319934e+02 
       3.655067648383e-01       6.096215632559e+02 
       3.686711669724e-01       5.997848610164e+02 
       3.718355695119e-01       5.902903039293e+02 
       3.749999724465e-01       5.809627193928e+02 
       3.781643757663e-01       5.717831981338e+02 
       3.813287794616e-01       5.626724035649e+02 
       3.844931835232e-01       5.535970592512e+02 
       3.876575879420e-01       5.445134846888e+02 
       3.908219927092e-01       5.354517181309e+02 
       3.939863978166e-01       5.264349037408e+02 
       3.971508032558e-01       5.174446112559e+02 
       4.003152090191e-01       5.085172931898e+02 
       4.034796150987e-01       4.997583948265e+02 
       4.066440214873e-01       4.912149824333e+02 
       4.098084281777e-01       4.828953390438e+02 
       4.129728351628e-01       4.748348804019e+02 
       4.161372424360e-01       4.670292115462e+02 
       4.193016499906e-01       4.595081086764e+02 
       4.224660578205e-01       4.522496629350e+02 
       4.256304659193e-01       4.452474026946e+02 
       4.287948742811e-01       4.385315275185e+02 
       4.319592829002e-01       4.319661782992e+02 
       4.351236917708e-01       4.256317581239e+02 
       4.382881008875e-01       4.194617991259e+02 
       4.414525102451e-01       4.134110355775e+02 
       4.446169198383e-01       4.074692697000e+02 
       4.477813296621e-01       4.016328280378e+02 
       4.509457397117e-01       3.958172826480e+02 
       4.541101499822e-01       3.900499111110e+02 
       4.572745604692e-01       3.843763419919e+02 
       4.604389711682e-01       3.787489099757e+02 
       4.636033820747e-01       3.731847146804e+02 
       4.667677931846e-01       3.676806558915e+02 
       4.699322044937e-01       3.622763748995e+02 
       4.730966159980e-01       3.569783549423e+02 
       4.762610276936e-01       3.517818974472e+02 
       4.794254395767e-01       3.467123902178e+02 
       4.825898516437e-01       3.417803228803e+02 
       4.857542638908e-01       3.369889998461e+02 
       4.889186763147e-01       3.323330557821e+02 
       4.920830889118e-01       3.278021909262e+02 
       4.952475016789e-01       3.233835786125e+02 
       4.984119146126e-01       3.190656356161e+02 
       5.015763277099e-01       3.148396140468e+02 
       5.047407409676e-01       3.106977880742e+02 
       5.079051543828e-01       3.066327064695e+02 
       5.110695679525e-01       3.026273881537e+02 
       5.142339816738e-01       2.986888036283e+02 
       5.173983955440e-01       2.948012128380e+02 
       5.205628095603e-01       2.909590539023e+02 
       5.237272237201e-01       2.871635269384e+02 
       5.268916380207e-01       2.834187464824e+02 
       5.300560524597e-01       2.797315925222e+02 
       5.332204670346e-01       2.761370931283e+02 
       5.363848817430e-01       2.725579145315e+02 
       5.395492965825e-01       2.690668079491e+02 
       5.427137115507e-01       2.656405288582e+02 
       5.458781266456e-01       2.622784256724e+02 
       5.490425418648e-01       2.589798937012e+02 
       5.522069572062e-01       2.557470380980e+02 
       5.783790271021e-01       2.312942707782e+02 
       6.078418205457e-01       2.073592756622e+02 
       6.417269624453e-01       1.839620437324e+02 
       6.818516034483e-01       1.607375587792e+02 
       7.313452342964e-01       1.374018095001e+02 
       7.960674647375e-01       1.134601454647e+02 
       8.879646597905e-01       8.843258126022e+01 
       1.031760339029e+00       6.253107011602e+01 
       1.262890172715e+00       3.892613186447e+01 
       1.585854514954e+00       2.261252975240e+01 
       1.996379633936e+00       1.294231338841e+01 
       2.513292620915e+00       7.346811142090e+00 
       3.164047947448e+00       4.139976566601e+00 
       3.983300365178e+00       2.317348381306e+00 
       5.014678052531e+00       1.289174631280e+00 
       6.313105632298e+00       7.133382497532e-01 
       7.947729107841e+00       3.926438197581e-01 
       1.000559813992e+01       2.151041841377e-01 
       1.259630175854e+01       1.173320016072e-01 
       1.585780437846e+01       6.373968112077e-02 
       1.996379290730e+01       3.450043434770e-02 
       2.513292620679e+01       1.860331348527e-02 
       3.164047947448e+01       9.996029098107e-03 
       3.983300365178e+01       5.352421344892e-03 
       5.014678052531e+01       2.855238979008e-03 
       6.313105632298e+01       1.517266108046e-03 
       7.947729107841e+01       8.024895552523e-04 
       1.000559813992e+02       4.219610609171e-04 
