       8.109286841071e-04       4.542905964679e+02 
       8.662244723532e-04       4.881295541225e+02 
       9.251059294605e-04       5.248408955944e+02 
       9.876549713110e-04       5.646201641109e+02 
       1.053915779477e-03       6.076476589759e+02 
       1.123892384410e-03       6.540814378543e+02 
       1.197548335300e-03       7.040506005743e+02 
       1.274808514709e-03       7.576498638860e+02 
       1.355562896181e-03       8.149355736799e+02 
       1.439671823089e-03       8.759229392209e+02 
       1.526972249930e-03       9.405890071616e+02 
       1.617284351478e-03       1.008871965249e+03 
       1.710417961688e-03       1.080681916212e+03 
       1.806178424479e-03       1.155903868342e+03 
       1.904371586590e-03       1.234399521596e+03 
       2.004807806660e-03       1.316016472270e+03 
       2.107304973159e-03       1.400594202432e+03 
       2.211690607418e-03       1.487964640721e+03 
       2.317803176910e-03       1.577956513003e+03 
       2.425492764091e-03       1.670393290786e+03 
       2.534621235541e-03       1.765116122131e+03 
       2.645062042946e-03       1.861945277098e+03 
       2.756699767821e-03       1.960723478750e+03 
       2.869429500503e-03       2.061294341199e+03 
       2.983156123563e-03       2.163507945653e+03 
       3.097793551845e-03       2.267219876154e+03 
       3.213263966531e-03       2.372293749742e+03 
       3.329497068796e-03       2.478591597743e+03 
       3.446429369582e-03       2.585998307359e+03 
       3.564003525294e-03       2.694393001624e+03 
       3.682167724338e-03       2.803661145377e+03 
       3.800875126085e-03       2.913710358526e+03 
       3.920083351504e-03       3.024420242717e+03 
       4.039754023280e-03       3.135718494762e+03 
       4.159852352352e-03       3.247502778435e+03 
       4.280346767342e-03       3.359684133013e+03 
       4.401208583173e-03       3.472202571486e+03 
       4.522411705224e-03       3.584954164216e+03 
       4.643932365469e-03       3.697894835419e+03 
       4.765748887296e-03       3.810949692650e+03 
       4.887841475928e-03       3.924055926933e+03 
       5.010192031669e-03       4.037153079465e+03 
       5.132783983408e-03       4.150178606149e+03 
       5.255602140150e-03       4.263088650629e+03 
       5.378632558497e-03       4.375834964087e+03 
       5.501862424307e-03       4.488381142943e+03 
       5.625279946889e-03       4.600634358074e+03 
       5.748874264345e-03       4.712568532582e+03 
       5.872635358769e-03       4.824150086798e+03 
       5.996553980212e-03       4.935343013602e+03 
       6.120621578425e-03       5.046120762712e+03 
       6.244830241507e-03       5.156421187308e+03 
       6.369172640700e-03       5.266284704586e+03 
       6.493641980659e-03       5.375594726936e+03 
       6.618231954591e-03       5.484365055150e+03 
       6.742936703742e-03       5.592541241889e+03 
       6.867750780772e-03       5.700130193883e+03 
       6.992669116594e-03       5.807073614606e+03 
       7.117686990319e-03       5.913374258606e+03 
       7.242800001993e-03       6.018979069655e+03 
       7.368004047814e-03       6.123896330062e+03 
       7.493295297610e-03       6.228093664250e+03 
       7.618670174317e-03       6.331525572635e+03 
       7.744125335280e-03       6.434235050002e+03 
       7.869657655187e-03       6.536139710414e+03 
       7.995264210481e-03       6.637265408014e+03 
       8.120942265100e-03       6.737613707791e+03 
       8.246689257429e-03       6.837086097922e+03 
       8.372502788341e-03       6.935739839807e+03 
       8.498380610227e-03       7.033583506356e+03 
       8.624320616923e-03       7.130570380113e+03 
       8.750320834459e-03       7.226618433635e+03 
       8.876379412544e-03       7.321875498423e+03 
       9.002494616728e-03       7.416205606004e+03 
       9.128664821185e-03       7.509601241759e+03 
       9.254888502051e-03       7.602076557004e+03 
       9.381164231278e-03       7.693676843011e+03 
       9.507490670963e-03       7.784336924253e+03 
       9.633866568099e-03       7.874060365957e+03 
       9.760290749724e-03       7.962819504263e+03 
       9.886762118428e-03       8.050633014332e+03 
       1.001327964820e-02       8.137516146649e+03 
       1.013984238057e-02       8.223432420851e+03 
       1.026644942103e-02       8.308304493915e+03 
       1.039309993574e-02       8.392308521020e+03 
       1.051979314842e-02       8.475254457979e+03 
       1.064652833752e-02       8.557270729165e+03 
       1.077330483355e-02       8.638240881518e+03 
       1.090012201660e-02       8.718250567863e+03 
       1.102697931411e-02       8.797312836799e+03 
       1.115387619864e-02       8.875325884774e+03 
       1.128081218596e-02       8.952342466442e+03 
       1.140778683320e-02       9.028369940063e+03 
       1.153479973709e-02       9.103384810925e+03 
       1.166185053239e-02       9.177400809268e+03 
       1.178893889042e-02       9.250404229230e+03 
       1.191606451765e-02       9.322400716703e+03 
       1.204322715441e-02       9.393373085187e+03 
       1.217042657373e-02       9.463389381674e+03 
       1.229766258020e-02       9.532350430522e+03 
       1.242493500893e-02       9.600352507339e+03 
       1.255224372461e-02       9.667324898790e+03 
       1.267958862062e-02       9.733274657125e+03 
       1.280696961819e-02       9.798232886493e+03 
       1.293438666565e-02       9.862188147647e+03 
       1.306183973771e-02       9.925116516330e+03 
       1.318932883480e-02       9.987069827582e+03 
       1.331685398251e-02       1.004801621074e+04 
       1.344441523097e-02       1.010794107828e+04 
       1.357201265440e-02       1.016687072364e+04 
       1.369964635061e-02       1.022481414020e+04 
       1.382731644057e-02       1.028177811101e+04 
       1.395502306805e-02       1.033772852068e+04 
       1.408276639924e-02       1.039268748403e+04 
       1.421054662246e-02       1.044665580684e+04 
       1.433836394783e-02       1.049963373176e+04 
       1.446621860708e-02       1.055163272360e+04 
       1.459411085329e-02       1.060265936722e+04 
       1.472204096068e-02       1.065267047582e+04 
       1.485000922450e-02       1.070174689686e+04 
       1.497801596082e-02       1.074984481457e+04 
       1.510606150647e-02       1.079697326625e+04 
       1.523414621895e-02       1.084314350911e+04 
       1.536227047630e-02       1.088833405581e+04 
       1.549043467713e-02       1.093258209951e+04 
       1.561863924058e-02       1.097590586081e+04 
       1.574688460627e-02       1.101824319386e+04 
       1.587517123438e-02       1.105966045614e+04 
       1.600349960568e-02       1.110012681505e+04 
       1.613187022155e-02       1.113966359554e+04 
       1.626028360411e-02       1.117830009817e+04 
       1.638874029627e-02       1.121598402235e+04 
       1.651724086189e-02       1.125275708048e+04 
       1.664578588589e-02       1.128861498237e+04 
       1.677437597438e-02       1.132356932995e+04 
       1.690301175489e-02       1.135764120682e+04 
       1.703169387649e-02       1.139077665877e+04 
       1.716042301003e-02       1.142303969960e+04 
       1.728919984837e-02       1.145441990696e+04 
       1.741802510658e-02       1.148493959324e+04 
       1.754689952220e-02       1.151458203582e+04 
       1.767582385556e-02       1.154332336244e+04 
       1.780479889000e-02       1.157122829730e+04 
       1.793382543220e-02       1.159824644202e+04 
       1.806290431252e-02       1.162448205673e+04 
       1.819203638530e-02       1.164982226762e+04 
       1.832122252925e-02       1.167433390388e+04 
       1.845046364779e-02       1.169799414872e+04 
       1.857976066942e-02       1.172086072747e+04 
       1.870911454820e-02       1.174289224944e+04 
       1.883852626409e-02       1.176411323977e+04 
       1.896799682342e-02       1.178452780362e+04 
       1.909752725935e-02       1.180412743200e+04 
       1.922711863234e-02       1.182293290510e+04 
       1.935677203063e-02       1.184095296897e+04 
       1.948648857078e-02       1.185821356944e+04 
       1.961626939816e-02       1.187468045036e+04 
       1.974611568753e-02       1.189037419138e+04 
       1.987602864357e-02       1.190530804561e+04 
       2.000600950152e-02       1.191950799024e+04 
       2.013605952774e-02       1.193291560173e+04 
       2.026618002036e-02       1.194562037752e+04 
       2.039637230993e-02       1.195757544358e+04 
       2.052663776006e-02       1.196880891910e+04 
       2.065697776817e-02       1.197931156951e+04 
       2.078739376615e-02       1.198909744748e+04 
       2.091788722113e-02       1.199818389423e+04 
       2.104845963622e-02       1.200654804159e+04 
       2.117911255130e-02       1.201424462476e+04 
       2.130984754388e-02       1.202123435179e+04 
       2.144066622984e-02       1.202757758005e+04 
       2.157157026440e-02       1.203321028656e+04 
       2.170256134292e-02       1.203818790494e+04 
       2.183364120187e-02       1.204251934231e+04 
       2.196481161978e-02       1.204619771577e+04 
       2.209607441819e-02       1.204922182755e+04 
       2.222743146267e-02       1.205162912706e+04 
       2.235888466386e-02       1.205337385484e+04 
       2.249043597854e-02       1.205451601089e+04 
       2.262208741075e-02       1.205508773963e+04 
       2.275384101289e-02       1.205497245448e+04 
       2.288569888696e-02       1.205433093144e+04 
       2.301766318570e-02       1.205304105577e+04 
       2.314973611390e-02       1.205115548462e+04 
       2.328191992965e-02       1.204875272143e+04 
       2.341421694571e-02       1.204571542212e+04 
       2.354662953084e-02       1.204214933575e+04 
       2.367916011126e-02       1.203801708440e+04 
       2.381181117208e-02       1.203338864343e+04 
       2.394458525882e-02       1.202811480803e+04 
       2.407748497898e-02       1.202237918115e+04 
       2.421051300365e-02       1.201610518036e+04 
       2.434367206912e-02       1.200930441909e+04 
       2.447696497869e-02       1.200200044368e+04 
       2.461039460434e-02       1.199420322318e+04 
       2.474396388862e-02       1.198587352410e+04 
       2.487767584655e-02       1.197705033955e+04 
       2.501153356752e-02       1.196776587117e+04 
       2.514554021734e-02       1.195801097127e+04 
       2.527969904032e-02       1.194777384896e+04 
       2.541401336145e-02       1.193706464519e+04 
       2.554848658857e-02       1.192591327491e+04 
       2.568312221475e-02       1.191430462893e+04 
       2.581792382060e-02       1.190227535933e+04 
       2.595289507680e-02       1.188977740017e+04 
       2.608803974662e-02       1.187691210051e+04 
       2.622336168854e-02       1.186354702060e+04 
       2.635886485905e-02       1.184978609716e+04 
       2.649455331541e-02       1.183564545348e+04 
       2.663043121864e-02       1.182108263105e+04 
       2.676650283651e-02       1.180612435538e+04 
       2.690277254671e-02       1.179079588877e+04 
       2.703924484013e-02       1.177507244621e+04 
       2.717592432421e-02       1.175898468784e+04 
       2.731281572644e-02       1.174251276577e+04 
       2.744992389803e-02       1.172568723944e+04 
       2.758725381765e-02       1.170850231902e+04 
       2.772481059538e-02       1.169103968609e+04 
       2.786259947672e-02       1.167309845470e+04 
       2.800062584686e-02       1.165488720421e+04 
       2.813889523500e-02       1.163633348575e+04 
       2.827741331898e-02       1.161751039110e+04 
       2.841618592992e-02       1.159829935495e+04 
       2.855521905720e-02       1.157879423113e+04 
       2.869451885355e-02       1.155902309633e+04 
       2.883409164032e-02       1.153889852500e+04 
       2.897394391309e-02       1.151850534857e+04 
       2.911408234734e-02       1.149779667109e+04 
       2.925451380449e-02       1.147682622410e+04 
       2.939524533812e-02       1.145557989849e+04 
       2.953628420046e-02       1.143405787468e+04 
       2.967763784917e-02       1.141227513522e+04 
       2.981931395436e-02       1.139023093631e+04 
       2.996132040602e-02       1.136794664138e+04 
       3.010366532161e-02       1.134537166940e+04 
       3.024635705411e-02       1.132259659634e+04 
       3.038940420038e-02       1.129954353492e+04 
       3.053281560989e-02       1.127629530757e+04 
       3.067660039380e-02       1.125281431342e+04 
       3.082076793454e-02       1.122911756170e+04 
       3.096532789573e-02       1.120515976184e+04 
       3.111029023264e-02       1.118102334344e+04 
       3.125566520304e-02       1.115670041697e+04 
       3.140146337865e-02       1.113210998627e+04 
       3.154769565707e-02       1.110750438671e+04 
       3.169437327431e-02       1.108258374410e+04 
       3.184150781789e-02       1.105730692771e+04 
       3.198911124060e-02       1.103201612093e+04 
       3.213719587493e-02       1.100650437784e+04 
       3.228577444825e-02       1.098083847098e+04 
       3.243486009863e-02       1.095505388858e+04 
       3.258446639161e-02       1.092900837505e+04 
       3.273460733774e-02       1.090289404398e+04 
       3.288529741101e-02       1.087655923230e+04 
       3.303655156831e-02       1.085008599410e+04 
       3.318838526982e-02       1.082348608352e+04 
       3.334081450058e-02       1.079674718726e+04 
       3.349385579316e-02       1.076985461705e+04 
       3.364752625155e-02       1.074284693900e+04 
       3.380184357641e-02       1.071567676265e+04 
       3.395682609168e-02       1.068841727977e+04 
       3.411249277269e-02       1.066101235908e+04 
       3.426886327588e-02       1.063350567669e+04 
       3.442595797021e-02       1.060591137908e+04 
       3.458379797039e-02       1.057812571493e+04 
       3.474240517204e-02       1.055028262633e+04 
       3.490180228901e-02       1.052233358196e+04 
       3.506201289284e-02       1.049428131998e+04 
       3.522306145467e-02       1.046613027847e+04 
       3.538497338975e-02       1.043792800638e+04 
       3.554777510464e-02       1.040955544149e+04 
       3.571149404749e-02       1.038113422598e+04 
       3.587615876141e-02       1.035264832869e+04 
       3.604179894136e-02       1.032406405966e+04 
       3.620844549473e-02       1.029543015468e+04 
       3.637613060598e-02       1.026667355152e+04 
       3.654488780550e-02       1.023788009275e+04 
       3.671475204326e-02       1.020902757282e+04 
       3.688575976753e-02       1.018010711787e+04 
       3.705794900896e-02       1.015108482375e+04 
       3.723135947076e-02       1.012203089009e+04 
       3.740603262529e-02       1.009290545157e+04 
       3.758201181762e-02       1.006373986523e+04 
       3.775934237680e-02       1.003451101462e+04 
       3.793807173539e-02       1.000523467350e+04 
       3.811824955810e-02       9.975920573335e+03 
       3.829992788034e-02       9.946564408696e+03 
       3.848316125751e-02       9.917168471639e+03 
       3.866800692623e-02       9.887722546669e+03 
       3.885452497852e-02       9.858275602349e+03 
       3.904277855015e-02       9.828721840788e+03 
       3.923283402478e-02       9.799157719548e+03 
       3.942476125516e-02       9.769562272391e+03 
       3.961863380344e-02       9.739938002227e+03 
       3.981452920233e-02       9.710296459542e+03 
       4.001252923945e-02       9.680616373294e+03 
       4.021272026732e-02       9.650908570889e+03 
       4.041519354170e-02       9.621184962208e+03 
       4.062004559160e-02       9.591462446356e+03 
       4.082737862431e-02       9.561661327888e+03 
       4.103730096969e-02       9.531931296837e+03 
       4.124992756807e-02       9.502055493377e+03 
       4.146538050717e-02       9.472234116855e+03 
       4.168378961389e-02       9.442406079394e+03 
       4.190529310762e-02       9.412535288933e+03 
       4.213003832309e-02       9.382678473257e+03 
       4.235818251136e-02       9.352804839633e+03 
       4.258989372948e-02       9.322916029105e+03 
       4.282535183039e-02       9.293009123682e+03 
       4.306474956691e-02       9.263135498938e+03 
       4.330829382560e-02       9.233193137995e+03 
       4.355620700899e-02       9.203281502732e+03 
       4.380872858759e-02       9.173354019018e+03 
       4.406611684708e-02       9.143424454983e+03 
       4.432865086004e-02       9.113532541705e+03 
       4.459663271729e-02       9.083578878018e+03 
       4.487039005979e-02       9.053694316874e+03 
       4.515027896016e-02       9.023751407615e+03 
       4.543668721176e-02       8.993861497844e+03 
       4.573003809502e-02       8.963932713718e+03 
       4.603079470403e-02       8.934051578147e+03 
       4.633946493390e-02       8.904140556332e+03 
       4.665660725007e-02       8.874285656375e+03 
       4.698283738661e-02       8.844388148476e+03 
       4.731883615302e-02       8.814581652843e+03 
       4.766535856915e-02       8.784715986008e+03 
       4.802324459809e-02       8.754937217806e+03 
       4.839343181067e-02       8.725133355241e+03 
       4.877697039506e-02       8.695384871032e+03 
       4.917504102664e-02       8.665681857502e+03 
       4.958897624218e-02       8.635963082703e+03 
       5.002028612709e-02       8.606323201582e+03 
       5.047068933368e-02       8.576667118023e+03 
       5.094215071553e-02       8.547037570193e+03 
       5.143692720194e-02       8.517436005990e+03 
       5.195762396385e-02       8.487844366466e+03 
       5.250726345374e-02       8.458215305951e+03 
       5.308937054787e-02       8.428523319721e+03 
       5.370807776979e-02       8.398718414296e+03 
       5.436825537715e-02       8.368714003069e+03 
       5.507567179962e-02       8.338409074666e+03 
       5.583719017211e-02       8.307517571666e+03 
       5.666100576909e-02       8.275895995956e+03 
       5.755692550810e-02       8.243004536520e+03 
       5.853668148906e-02       8.208267383750e+03 
       5.961425063470e-02       8.170720186806e+03 
       6.080611355012e-02       8.128891099275e+03 
       6.213131653351e-02       8.080661683618e+03 
       6.361109311238e-02       8.022922559059e+03 
       6.526767140824e-02       7.951246805407e+03 
       6.712182840727e-02       7.859669864588e+03 
       6.918896775254e-02       7.740885126680e+03 
       7.147427877080e-02       7.587017572136e+03 
       7.396881502278e-02       7.391628078258e+03 
       7.664906446736e-02       7.152074318252e+03 
       7.948123974638e-02       6.871670913387e+03 
       8.242846725122e-02       6.559935358044e+03 
       8.545727970966e-02       6.231092772643e+03 
       8.854106917455e-02       5.901303200579e+03 
       9.166057265116e-02       5.585997285224e+03 
       9.480270748366e-02       5.297748837380e+03 
       9.795895426086e-02       5.045202668195e+03 
       1.011239124329e-01       4.832751233595e+03 
       1.042942157964e-01       4.660663967524e+03 
       1.074677879027e-01       4.525951140004e+03 
       1.106433559722e-01       4.422782350843e+03 
       1.138201427718e-01       4.343506094840e+03 
       1.169976746886e-01       4.279424819508e+03 
       1.201756634269e-01       4.221619367183e+03 
       1.233539335443e-01       4.161845178221e+03 
       1.265323782356e-01       4.093277775055e+03 
       1.297109324116e-01       4.011156822759e+03 
       1.328895563327e-01       3.913138642256e+03 
       1.360682256648e-01       3.799332423680e+03 
       1.392469254411e-01       3.672030757136e+03 
       1.424256463949e-01       3.535216176247e+03 
       1.456043827332e-01       3.393852932675e+03 
       1.475620535326e-01       3.306838433121e+03 
       1.487831307846e-01       3.253244617195e+03 
       1.519618881772e-01       3.118344260140e+03 
       1.551406533387e-01       2.993311979299e+03 
       1.583194251924e-01       2.881159130972e+03 
       1.614982029716e-01       2.783599387049e+03 
       1.646769861061e-01       2.701053335019e+03 
       1.678557741524e-01       2.632749116091e+03 
       1.710345667514e-01       2.576934927703e+03 
       1.742133636011e-01       2.531113864225e+03 
       1.773921644404e-01       2.492344503848e+03 
       1.805709690380e-01       2.457623946304e+03 
       1.837497771859e-01       2.424361769285e+03 
       1.869285886945e-01       2.389399160949e+03 
       1.901074033897e-01       2.350625044339e+03 
       1.932862211103e-01       2.306702170597e+03 
       1.964650417069e-01       2.257148939705e+03 
       1.996438650400e-01       2.202338538003e+03 
       2.028226909794e-01       2.143341532012e+03 
       2.060015194031e-01       2.081702146577e+03 
       2.091803501968e-01       2.019176609297e+03 
       2.123591832532e-01       1.957504251578e+03 
       2.155380184714e-01       1.898233826499e+03 
       2.187168557563e-01       1.842610419672e+03 
       2.218956950186e-01       1.791545835406e+03 
       2.250745361737e-01       1.745574392420e+03 
       2.282533791421e-01       1.704860734433e+03 
       2.314322238485e-01       1.669203583984e+03 
       2.346110702219e-01       1.638058472608e+03 
       2.377899181948e-01       1.610608361287e+03 
       2.409687677036e-01       1.585845066916e+03 
       2.441476186880e-01       1.562700982952e+03 
       2.473264710905e-01       1.540149865073e+03 
       2.505053248570e-01       1.517311092556e+03 
       2.536841799359e-01       1.493524298743e+03 
       2.568630362780e-01       1.468366752581e+03 
       2.600418938368e-01       1.441650789575e+03 
       2.632207525680e-01       1.413421749247e+03 
       2.663996124292e-01       1.383914284262e+03 
       2.695784733805e-01       1.353535187147e+03 
       2.727573353832e-01       1.322808422497e+03 
       2.759361984011e-01       1.292319310879e+03 
       2.791150623991e-01       1.262642078405e+03 
       2.822939273439e-01       1.234279327403e+03 
       2.854727932039e-01       1.207602117605e+03 
       2.886516599484e-01       1.182824327562e+03 
       2.918305275486e-01       1.159998941210e+03 
       2.950093959766e-01       1.139043974280e+03 
       2.981882652057e-01       1.119772206212e+03 
       3.013671352105e-01       1.101923067864e+03 
       3.045460059666e-01       1.085194643463e+03 
       3.077248774506e-01       1.069264362139e+03 
       3.109037496400e-01       1.053808363064e+03 
       3.140826225133e-01       1.038521208047e+03 
       3.172614960498e-01       1.023147898877e+03 
       3.204403702298e-01       1.007504594933e+03 
       3.236192450341e-01       9.914939445250e+02 
       3.267981204444e-01       9.751110539256e+02 
       3.299769964432e-01       9.584311454860e+02 
       3.331558730135e-01       9.415800765160e+02 
       3.363347501391e-01       9.247208833377e+02 
       3.395136278042e-01       9.080211633335e+02 
       3.426925059938e-01       8.916401903606e+02 
       3.458713846934e-01       8.757224442644e+02 
       3.490502638890e-01       8.603881510952e+02 
       3.522291435670e-01       8.457287866266e+02 
       3.554080237145e-01       8.317987041640e+02 
       3.585869043189e-01       8.186069801615e+02 
       3.617657853682e-01       8.061159661280e+02 
       3.649446668506e-01       7.942463499305e+02 
       3.681235487549e-01       7.828886953275e+02 
       3.713024310702e-01       7.719260461623e+02 
       3.744813137860e-01       7.612428095793e+02 
       3.776601968921e-01       7.507433437241e+02 
       3.808390803788e-01       7.403515837647e+02 
       3.840179642365e-01       7.300132916618e+02 
       3.871968484561e-01       7.196923532854e+02 
       3.903757330286e-01       7.093700437526e+02 
       3.935546179456e-01       6.990455921060e+02 
       3.967335031986e-01       6.887365553861e+02 
       3.999123887797e-01       6.784796982998e+02 
       4.030912746810e-01       6.683240478136e+02 
       4.062701608950e-01       6.583242431028e+02 
       4.094490474145e-01       6.485323828359e+02 
       4.126279342322e-01       6.389875180762e+02 
       4.158068213413e-01       6.297150516746e+02 
       4.189857087352e-01       6.207254285243e+02 
       4.221645964075e-01       6.120188546846e+02 
       4.253434843518e-01       6.035898972859e+02 
       4.285223725621e-01       5.954268727019e+02 
       4.317012610325e-01       5.875171211912e+02 
       4.348801497572e-01       5.798364295321e+02 
       4.380590387307e-01       5.723540870645e+02 
       4.412379279477e-01       5.650363534609e+02 
       4.444168174027e-01       5.578473861334e+02 
       4.475957070909e-01       5.507546435906e+02 
       4.507745970072e-01       5.437373126556e+02 
       4.539534871468e-01       5.367825560590e+02 
       4.571323775050e-01       5.298884022141e+02 
       4.603112680774e-01       5.230574897814e+02 
       4.634901588594e-01       5.162946651312e+02 
       4.666690498468e-01       5.096067584722e+02 
       4.698479410353e-01       5.030015284682e+02 
       4.730268324210e-01       4.964907056043e+02 
       4.762057239999e-01       4.900881369877e+02 
       4.793846157680e-01       4.838106916342e+02 
       4.825635077217e-01       4.776729737784e+02 
       4.857423998573e-01       4.716834658971e+02 
       4.889212921713e-01       4.658443885440e+02 
       4.921001846601e-01       4.601502731059e+02 
       4.952790773204e-01       4.545893328813e+02 
       4.984579701489e-01       4.491503574553e+02 
       5.016368631424e-01       4.438204276702e+02 
       5.048157562978e-01       4.385909174570e+02 
       5.079946496120e-01       4.334526332964e+02 
       5.111735430820e-01       4.283974259527e+02 
       5.143524367050e-01       4.234151108064e+02 
       5.175313304781e-01       4.184983357403e+02 
       5.207102243985e-01       4.136386404387e+02 
       5.238891184636e-01       4.088329258611e+02 
       5.270680126708e-01       4.040815595081e+02 
       5.302469070175e-01       3.993899960160e+02 
       5.334258015011e-01       3.947644075521e+02 
       5.366046961193e-01       3.902106672720e+02 
       5.397835908696e-01       3.857307090815e+02 
       5.429624857498e-01       3.813265269394e+02 
       5.461413807575e-01       3.769965654142e+02 
       5.493202758906e-01       3.727401221313e+02 
       5.524991711468e-01       3.685578495769e+02 
       5.556780665241e-01       3.644510035227e+02 
       5.588569620203e-01       3.604201722772e+02 
       5.620358576335e-01       3.564645381464e+02 
       5.652147533617e-01       3.525803097838e+02 
       5.683936492029e-01       3.487621136115e+02 
       5.715725451552e-01       3.450039552552e+02 
       5.747514412169e-01       3.413005100870e+02 
       5.779303373860e-01       3.376499625942e+02 
       5.811092336609e-01       3.340501885969e+02 
       5.842881300397e-01       3.305021911170e+02 
       5.874670265208e-01       3.270042340779e+02 
       5.906459231026e-01       3.235553319601e+02 
       5.938248197834e-01       3.201522510810e+02 
       5.970037165616e-01       3.167929074183e+02 
       6.001826134357e-01       3.134764983863e+02 
       6.033615104042e-01       3.102040715843e+02 
       6.065404074655e-01       3.069780574379e+02 
       6.097193046183e-01       3.038009251867e+02 
       6.128982018610e-01       3.006741887476e+02 
       6.160770991924e-01       2.975971598602e+02 
       6.192559966109e-01       2.945678097902e+02 
       6.224348941154e-01       2.915835481508e+02 
       6.256137917044e-01       2.886431376776e+02 
       6.287926893767e-01       2.857459857220e+02 
       6.319715871311e-01       2.828918293086e+02 
       6.351504849662e-01       2.800815263043e+02 
       6.383293828809e-01       2.773132105889e+02 
       6.415082808740e-01       2.745850751374e+02 
       6.811763311728e-01       2.434136813852e+02 
       7.299054474410e-01       2.115910635218e+02 
       7.932519398731e-01       1.783675868009e+02 
       8.824712516244e-01       1.428567823882e+02 
       1.021004573444e+00       1.048082683271e+02 
       1.244700714937e+00       6.805970308479e+01 
       1.561768400849e+00       4.097116416643e+01 
       1.966012638854e+00       2.421403810778e+01 
       2.475062530824e+00       1.413064714793e+01 
       3.115919115225e+00       8.135538736551e+00 
       3.922709755252e+00       4.637692274061e+00 
       4.938398993979e+00       2.632338837045e+00 
       6.217075987099e+00       1.484503250724e+00 
       7.826834947215e+00       8.266548683515e-01 
       9.853401408967e+00       4.554779526525e-01 
       1.240469742636e+01       2.491949275865e-01 
       1.561658881566e+01       1.373199666491e-01 
       1.966012050557e+01       7.639820083433e-02 
       2.475062530340e+01       4.158582466594e-02 
       3.115919115225e+01       2.247539102188e-02 
       3.922709755252e+01       1.209488865089e-02 
       4.938398993979e+01       6.483016066582e-03 
       6.217075987099e+01       3.460818423500e-03 
       7.826834947215e+01       1.839260343751e-03 
       9.853401408967e+01       9.725370526446e-04 
       1.240469742636e+02       5.108985348401e-04 
